072024061010490000010000027600000
072024061010490000020000005300000
072024061010490000090000072200000
072024061010490000100000019600000
072024061010490000170005807400000
072024061010490000190000040400000
072024061010490000200000029600000
072024061010490000210003307500000
072024061010490000220009288600000
072024061010490000230000017700000
072024061010490000240000004600000
072024061010490000250000384700000
072024061010490000260000020700000
072024061010490000270000011700000
072024061010490000290000008100000
072024061010490000380000607200000
072024061010490000390000126500000
072024061010490000400000006000000
072024061010490000410000003800000
072024061010490000420001522300000
072024061010490000430000004800000
072024061010490000440000012100000
072024061010490000460000126600000
072024061010490000470000011100000
072024061010490000480000015200000
072024061010490000490000001800000
072024061010490000500000005200000
072024061010490000510000043100000
072024061010490000520000010300000
072024061010490000600000004100000
072024061010490000630000002000000
072024061010490000640000003300000
072024061010490000650000007900000
072024061010490000700000002200000
072024061011190000010000093500000
072024061011190000020000012700000
072024061011190000090000126000000
072024061011190000100000054800000
072024061011190000170012507500000
072024061011190000190000402500000
072024061011190000200000047600000
072024061011190000210004228200000
072024061011190000220014435900000
072024061011190000230000034500000
072024061011190000240000015100000
072024061011190000250001130900000
072024061011190000260000065100000
072024061011190000270000036700000
072024061011190000290000028000000
072024061011190000380002182100000
072024061011190000390000378400000
072024061011190000400000021400000
072024061011190000410000013300000
072024061011190000420002544900000
072024061011190000430000016500000
072024061011190000440000041100000
072024061011190000460000300000000
072024061011190000470000016900000
072024061011190000480000020300000
072024061011190000490000005700000
072024061011190000500000020500000
072024061011190000510000070400000
072024061011190000520000018900000
072024061011190000600000019800000
072024061011190000630000004900000
072024061011190000640000010500000
072024061011190000650000021900000
072024061011190000700000006000000
072024061011490000010000058000000
072024061011490000020000006400000
072024061011490000090000085800000
072024061011490000100000018200000
072024061011490000170009493200000
072024061011490000190000138000000
072024061011490000200000026300000
072024061011490000210003075900000
072024061011490000220012010100000
072024061011490000230000029700000
072024061011490000240000004800000
072024061011490000250000779200000
072024061011490000260000031300000
072024061011490000270000041800000
072024061011490000290000034900000
072024061011490000380001979700000
072024061011490000390000178200000
072024061011490000400000013200000
072024061011490000410000005900000
072024061011490000420001614300000
072024061011490000430000008800000
072024061011490000440000013300000
072024061011490000460000218200000
072024061011490000470000017700000
072024061011490000480000018300000
072024061011490000490000004500000
072024061011490000500000009800000
072024061011490000510000048100000
072024061011490000520000016500000
072024061011490000600000004200000
072024061011490000630000001500000
072024061011490000640000003300000
072024061011490000650000010100000
072024061011490000700000002500000
072024061011890000010000071600000
072024061011890000020000009100000
072024061011890000090000102000000
072024061011890000100000045000000
072024061011890000170011068600000
072024061011890000190000147300000
072024061011890000200000048500000
072024061011890000210004003200000
072024061011890000220013246800000
072024061011890000230000023100000
072024061011890000240000006900000
072024061011890000250001032800000
072024061011890000260000047600000
072024061011890000270000037800000
072024061011890000290000026600000
072024061011890000380001647900000
072024061011890000390000224300000
072024061011890000400000016800000
072024061011890000410000005100000
072024061011890000420002067400000
072024061011890000430000010900000
072024061011890000440000040700000
072024061011890000460000257500000
072024061011890000470000017900000
072024061011890000480000030900000
072024061011890000490000003400000
072024061011890000500000010900000
072024061011890000510000064400000
072024061011890000520000013500000
072024061011890000600000005000000
072024061011890000630000001600000
072024061011890000640000003700000
072024061011890000650000014100000
072024061011890000700000003100000
072024061012190000010000022800000
072024061012190000020000004400000
072024061012190000090000039100000
072024061012190000100000014100000
072024061012190000170005684600000
072024061012190000190000111900000
072024061012190000200000047500000
072024061012190000210001635600000
072024061012190000220006176000000
072024061012190000230000023000000
072024061012190000240000003000000
072024061012190000250000386700000
072024061012190000260000017700000
072024061012190000270000009400000
072024061012190000290000008300000
072024061012190000380000672200000
072024061012190000390000099000000
072024061012190000400000009800000
072024061012190000410000006000000
072024061012190000420000786500000
072024061012190000430000005700000
072024061012190000440000010900000
072024061012190000460000103600000
072024061012190000470000007200000
072024061012190000480000011500000
072024061012190000490000003700000
072024061012190000500000006500000
072024061012190000510000025400000
072024061012190000520000006400000
072024061012190000600000008200000
072024061012190000630000002100000
072024061012190000640000002200000
072024061012190000650000006600000
072024061012190000700000002500000
072024061012390000010000030200000
072024061012390000020000003900000
072024061012390000090000054400000
072024061012390000100000012300000
072024061012390000170008761200000
072024061012390000190000104100000
072024061012390000200000014800000
072024061012390000210002683600000
072024061012390000220009822000000
072024061012390000230000025200000
072024061012390000240000006500000
072024061012390000250000468100000
072024061012390000260000019400000
072024061012390000270000017200000
072024061012390000290000016700000
072024061012390000380000859900000
072024061012390000390000123400000
072024061012390000400000014000000
072024061012390000410000007800000
072024061012390000420001099300000
072024061012390000430000005900000
072024061012390000440000159000000
072024061012390000460000134100000
072024061012390000470000014900000
072024061012390000480000029200000
072024061012390000490000001700000
072024061012390000500000006600000
072024061012390000510000027100000
072024061012390000520000011300000
072024061012390000600000003600000
072024061012390000630000001800000
072024061012390000640000002000000
072024061012390000650000006500000
072024061012390000700000001700000
072024061012990000010000104200000
072024061012990000020000016200000
072024061012990000090000178900000
072024061012990000100000053400000
072024061012990000170015539600000
072024061012990000190000223600000
072024061012990000200000110500000
072024061012990000210005975100000
072024061012990000220020357500000
072024061012990000230000073900000
072024061012990000240000009400000
072024061012990000250001486400000
072024061012990000260000069400000
072024061012990000270000047300000
072024061012990000290000038000000
072024061012990000380002610400000
072024061012990000390000567400000
072024061012990000400000036200000
072024061012990000410000024500000
072024061012990000420003905800000
072024061012990000430000021800000
072024061012990000440000029800000
072024061012990000460000455300000
072024061012990000470000024200000
072024061012990000480000023300000
072024061012990000490000007800000
072024061012990000500000023700000
072024061012990000510000090400000
072024061012990000520000022400000
072024061012990000600000037400000
072024061012990000630000005300000
072024061012990000640000006800000
072024061012990000650000022700000
072024061012990000700000009300000
072024061014190000010000162000000
072024061014190000020000019500000
072024061014190000090000231100000
072024061014190000100000074900000
072024061014190000170024940200000
072024061014190000190000773000000
072024061014190000200000092100000
072024061014190000210006958300000
072024061014190000220025114700000
072024061014190000230000073200000
072024061014190000240000015400000
072024061014190000250002548000000
072024061014190000260000101400000
072024061014190000270000079400000
072024061014190000290000049100000
072024061014190000380004330700000
072024061014190000390000623000000
072024061014190000400000042300000
072024061014190000410000009100000
072024061014190000420004566600000
072024061014190000430000025300000
072024061014190000440000055100000
072024061014190000460000587100000
072024061014190000470000041100000
072024061014190000480000041800000
072024061014190000490000014800000
072024061014190000500000028100000
072024061014190000510000106600000
072024061014190000520000025600000
072024061014190000600000017900000
072024061014190000630000010500000
072024061014190000640000007500000
072024061014190000650000035400000
072024061014190000700000010400000
072024061019990000010000569900000
072024061019990000020000077500000
072024061019990000090000889500000
072024061019990000100000292300000
072024061019990000170093802300000
072024061019990000190001940800000
072024061019990000200000416900000
072024061019990000210031867400000
072024061019990000220110451600000
072024061019990000230000300300000
072024061019990000240000065700000
072024061019990000250008216800000
072024061019990000260000372600000
072024061019990000270000281300000
072024061019990000290000209700000
072024061019990000380014890100000
072024061019990000390002320200000
072024061019990000400000159700000
072024061019990000410000075500000
072024061019990000420018107100000
072024061019990000430000099700000
072024061019990000440000362000000
072024061019990000460002182400000
072024061019990000470000151000000
072024061019990000480000190500000
072024061019990000490000043400000
072024061019990000500000111300000
072024061019990000510000475500000
072024061019990000520000124900000
072024061019990000600000100200000
072024061019990000630000029700000
072024061019990000640000039300000
072024061019990000650000125200000
072024061019990000700000037700000
072024061022290000010000020400000
072024061022290000020000002900000
072024061022290000090000041800000
072024061022290000100000035400000
072024061022290000170002739700000
072024061022290000190000001500000
072024061022290000200000020600000
072024061022290000210000970100000
072024061022290000220003245100000
072024061022290000230000018600000
072024061022290000240000003200000
072024061022290000250000244300000
072024061022290000260000015300000
072024061022290000270000009100000
072024061022290000290000005300000
072024061022290000370000410800000
072024061022290000390000051600000
072024061022290000400000003800000
072024061022290000410000002400000
072024061022290000420000403700000
072024061022290000430000002900000
072024061022290000450000159800000
072024061022290000460000068100000
072024061022290000470000006900000
072024061022290000480000012200000
072024061022290000490000001100000
072024061022290000500000003400000
072024061022290000510000009100000
072024061022290000520000005300000
072024061022290000600000010400000
072024061022290000630000001500000
072024061022290000640000001600000
072024061022290000650000006400000
072024061022290000700000002000000
072024061024490000010000010100000
072024061024490000020000001500000
072024061024490000090000023300000
072024061024490000100000014100000
072024061024490000170001553800000
072024061024490000190000000300000
072024061024490000200000006300000
072024061024490000210000609100000
072024061024490000220002009800000
072024061024490000230000006900000
072024061024490000240000002000000
072024061024490000250000099900000
072024061024490000260000005200000
072024061024490000270000005800000
072024061024490000290000003200000
072024061024490000370000165600000
072024061024490000390000021300000
072024061024490000400000001300000
072024061024490000410000001300000
072024061024490000420000252000000
072024061024490000430000001300000
072024061024490000450000537700000
072024061024490000460000023700000
072024061024490000470000008400000
072024061024490000480000006800000
072024061024490000490000000300000
072024061024490000500000001100000
072024061024490000510000004900000
072024061024490000520000002200000
072024061024490000600000002900000
072024061024490000630000000400000
072024061024490000640000001000000
072024061024490000650000004400000
072024061024490000700000000500000
072024061025090000010000110600000
072024061025090000020000014900000
072024061025090000090000217200000
072024061025090000100000105800000
072024061025090000170011543900000
072024061025090000190000008300000
072024061025090000200000069800000
072024061025090000210004450200000
072024061025090000220014178300000
072024061025090000230000090300000
072024061025090000240000024300000
072024061025090000250001254400000
072024061025090000260000059700000
072024061025090000270000041200000
072024061025090000290000011400000
072024061025090000370002091900000
072024061025090000390000231600000
072024061025090000400000025300000
072024061025090000410000009300000
072024061025090000420002005200000
072024061025090000430000010800000
072024061025090000450000831100000
072024061025090000460000372400000
072024061025090000470000028300000
072024061025090000480000019900000
072024061025090000490000004100000
072024061025090000500000012700000
072024061025090000510000045200000
072024061025090000520000031300000
072024061025090000600000008100000
072024061025090000630000003500000
072024061025090000640000004300000
072024061025090000650000025200000
072024061025090000700000004900000
072024061029990000010000141100000
072024061029990000020000019300000
072024061029990000090000282300000
072024061029990000100000155300000
072024061029990000170015837400000
072024061029990000190000010100000
072024061029990000200000096700000
072024061029990000210006029400000
072024061029990000220019433200000
072024061029990000230000115800000
072024061029990000240000029500000
072024061029990000250001598600000
072024061029990000260000080200000
072024061029990000270000056100000
072024061029990000290000019900000
072024061029990000370002668300000
072024061029990000390000304500000
072024061029990000400000030400000
072024061029990000410000013000000
072024061029990000420002660900000
072024061029990000430000015000000
072024061029990000450001528600000
072024061029990000460000464200000
072024061029990000470000043600000
072024061029990000480000038900000
072024061029990000490000005500000
072024061029990000500000017200000
072024061029990000510000059200000
072024061029990000520000038800000
072024061029990000600000021400000
072024061029990000630000005400000
072024061029990000640000006900000
072024061029990000650000036000000
072024061029990000700000007400000
072024061033390000010000161000000
072024061033390000020000015300000
072024061033390000090000202300000
072024061033390000100000167400000
072024061033390000170014981800000
072024061033390000190000003600000
072024061033390000200000052900000
072024061033390000210004274300000
072024061033390000220015761100000
072024061033390000230000061000000
072024061033390000240000014600000
072024061033390000250001626300000
072024061033390000260000079800000
072024061033390000270000094600000
072024061033390000290000039000000
072024061033390000320002538600000
072024061033390000390000272100000
072024061033390000400000025200000
072024061033390000410000012100000
072024061033390000420001402700000
072024061033390000430000016100000
072024061033390000460000311500000
072024061033390000470000025800000
072024061033390000480000024000000
072024061033390000490000003800000
072024061033390000500000017100000
072024061033390000510000047000000
072024061033390000520000022500000
072024061033390000600000005900000
072024061033390000630000002800000
072024061033390000640000009100000
072024061033390000660000022600000
072024061033390000700000009900000
072024061033390000720000050400000
072024061039990000010000161000000
072024061039990000020000015300000
072024061039990000090000202300000
072024061039990000100000167400000
072024061039990000170014981800000
072024061039990000190000003600000
072024061039990000200000052900000
072024061039990000210004274300000
072024061039990000220015761100000
072024061039990000230000061000000
072024061039990000240000014600000
072024061039990000250001626300000
072024061039990000260000079800000
072024061039990000270000094600000
072024061039990000290000039000000
072024061039990000320002538600000
072024061039990000390000272100000
072024061039990000400000025200000
072024061039990000410000012100000
072024061039990000420001402700000
072024061039990000430000016100000
072024061039990000460000311500000
072024061039990000470000025800000
072024061039990000480000024000000
072024061039990000490000003800000
072024061039990000500000017100000
072024061039990000510000047000000
072024061039990000520000022500000
072024061039990000600000005900000
072024061039990000630000002800000
072024061039990000640000009100000
072024061039990000660000022600000
072024061039990000700000009900000
072024061039990000720000050400000
072024061040790000010000043800000
072024061040790000030000310300000
072024061040790000090000116600000
072024061040790000110001649400000
072024061040790000170009266500000
072024061040790000190000011900000
072024061040790000200000118900000
072024061040790000210003584400000
072024061040790000220011458600000
072024061040790000230000037600000
072024061040790000240000009000000
072024061040790000250001007700000
072024061040790000260000075800000
072024061040790000270000026900000
072024061040790000290000024100000
072024061040790000320001396400000
072024061040790000390000294600000
072024061040790000400000019800000
072024061040790000410000014800000
072024061040790000420001712100000
072024061040790000430000012700000
072024061040790000460000189100000
072024061040790000470000015300000
072024061040790000480000011100000
072024061040790000490000006100000
072024061040790000500000015300000
072024061040790000510000048500000
072024061040790000520000012600000
072024061040790000600000234900000
072024061040790000630000004100000
072024061040790000640000010100000
072024061040790000670000027700000
072024061040790000700000006400000
072024061040790000720000020500000
072024061049990000010000043800000
072024061049990000030000310300000
072024061049990000090000116600000
072024061049990000110001649400000
072024061049990000170009266500000
072024061049990000190000011900000
072024061049990000200000118900000
072024061049990000210003584400000
072024061049990000220011458600000
072024061049990000230000037600000
072024061049990000240000009000000
072024061049990000250001007700000
072024061049990000260000075800000
072024061049990000270000026900000
072024061049990000290000024100000
072024061049990000320001396400000
072024061049990000390000294600000
072024061049990000400000019800000
072024061049990000410000014800000
072024061049990000420001712100000
072024061049990000430000012700000
072024061049990000460000189100000
072024061049990000470000015300000
072024061049990000480000011100000
072024061049990000490000006100000
072024061049990000500000015300000
072024061049990000510000048500000
072024061049990000520000012600000
072024061049990000600000234900000
072024061049990000630000004100000
072024061049990000640000010100000
072024061049990000670000027700000
072024061049990000700000006400000
072024061049990000720000020500000
072024061053590000010000046400000
072024061053590000040002242900000
072024061053590000090000113200000
072024061053590000100000090100000
072024061053590000170010915800000
072024061053590000190000008200000
072024061053590000200000057700000
072024061053590000210004464500000
072024061053590000220010403800000
072024061053590000230000027300000
072024061053590000240000010500000
072024061053590000250001176300000
072024061053590000260000054000000
072024061053590000270000019900000
072024061053590000290000029100000
072024061053590000360001601200000
072024061053590000390000302800000
072024061053590000400000015600000
072024061053590000410000010800000
072024061053590000420002332300000
072024061053590000430000012300000
072024061053590000460000142700000
072024061053590000470000011900000
072024061053590000480000011500000
072024061053590000490000006100000
072024061053590000500000018500000
072024061053590000510000055000000
072024061053590000520000018900000
072024061053590000600000015300000
072024061053590000630000003900000
072024061053590000640000009200000
072024061053590000650000018200000
072024061053590000700000008700000
072024061053590000720000017700000
072024061053890000010000049500000
072024061053890000040004757900000
072024061053890000090000097600000
072024061053890000100000088900000
072024061053890000170009819300000
072024061053890000190000008800000
072024061053890000200000066600000
072024061053890000210003694500000
072024061053890000220009518900000
072024061053890000230000027200000
072024061053890000240000011100000
072024061053890000250001160200000
072024061053890000260000060200000
072024061053890000270000021000000
072024061053890000290000022300000
072024061053890000360001126500000
072024061053890000390000462700000
072024061053890000400000015400000
072024061053890000410000006700000
072024061053890000420001969000000
072024061053890000430000010400000
072024061053890000460000140800000
072024061053890000470000011800000
072024061053890000480000010700000
072024061053890000490000005000000
072024061053890000500000013200000
072024061053890000510000048200000
072024061053890000520000022600000
072024061053890000600000018500000
072024061053890000630000003400000
072024061053890000640000011200000
072024061053890000650000021600000
072024061053890000700000007400000
072024061053890000720000017300000
072024061059990000010000095900000
072024061059990000040007000800000
072024061059990000090000210800000
072024061059990000100000179000000
072024061059990000170020735100000
072024061059990000190000017000000
072024061059990000200000124300000
072024061059990000210008159000000
072024061059990000220019922700000
072024061059990000230000054500000
072024061059990000240000021600000
072024061059990000250002336500000
072024061059990000260000114200000
072024061059990000270000040900000
072024061059990000290000051400000
072024061059990000360002727700000
072024061059990000390000765500000
072024061059990000400000031000000
072024061059990000410000017500000
072024061059990000420004301300000
072024061059990000430000022700000
072024061059990000460000283500000
072024061059990000470000023700000
072024061059990000480000022200000
072024061059990000490000011100000
072024061059990000500000031700000
072024061059990000510000103200000
072024061059990000520000041500000
072024061059990000600000033800000
072024061059990000630000007300000
072024061059990000640000020400000
072024061059990000650000039800000
072024061059990000700000016100000
072024061059990000720000035000000
072024061063990000010000062300000
072024061063990000020000026800000
072024061063990000090000100900000
072024061063990000100000083100000
072024061063990000170007998400000
072024061063990000190000003600000
072024061063990000200000049200000
072024061063990000210002547300000
072024061063990000220011023700000
072024061063990000230000027900000
072024061063990000240000008800000
072024061063990000250000701800000
072024061063990000260000031100000
072024061063990000270000034800000
072024061063990000290000014800000
072024061063990000320000812700000
072024061063990000390000162600000
072024061063990000400000013200000
072024061063990000410000003700000
072024061063990000420001465100000
072024061063990000430000010500000
072024061063990000460000226200000
072024061063990000470000015400000
072024061063990000480000016800000
072024061063990000490000003300000
072024061063990000500000011400000
072024061063990000510000040000000
072024061063990000520000011000000
072024061063990000600000003800000
072024061063990000630000002800000
072024061063990000640000005700000
072024061063990000650000015500000
072024061063990000700000005300000
072024061063990000720000020200000
072024061069990000010000062300000
072024061069990000020000026800000
072024061069990000090000100900000
072024061069990000100000083100000
072024061069990000170007998400000
072024061069990000190000003600000
072024061069990000200000049200000
072024061069990000210002547300000
072024061069990000220011023700000
072024061069990000230000027900000
072024061069990000240000008800000
072024061069990000250000701800000
072024061069990000260000031100000
072024061069990000270000034800000
072024061069990000290000014800000
072024061069990000320000812700000
072024061069990000390000162600000
072024061069990000400000013200000
072024061069990000410000003700000
072024061069990000420001465100000
072024061069990000430000010500000
072024061069990000460000226200000
072024061069990000470000015400000
072024061069990000480000016800000
072024061069990000490000003300000
072024061069990000500000011400000
072024061069990000510000040000000
072024061069990000520000011000000
072024061069990000600000003800000
072024061069990000630000002800000
072024061069990000640000005700000
072024061069990000650000015500000
072024061069990000700000005300000
072024061069990000720000020200000
072024061070290000010000023200000
072024061070290000020000003000000
072024061070290000090000046600000
072024061070290000100000017300000
072024061070290000170004833200000
072024061070290000190000002500000
072024061070290000200000012600000
072024061070290000210001775800000
072024061070290000220006611600000
072024061070290000230000012300000
072024061070290000240000002600000
072024061070290000250000351600000
072024061070290000260000016200000
072024061070290000270000010800000
072024061070290000290000006800000
072024061070290000320000493900000
072024061070290000390000093900000
072024061070290000400000008500000
072024061070290000410000001900000
072024061070290000420000877700000
072024061070290000430000004000000
072024061070290000460000102000000
072024061070290000470000007100000
072024061070290000480000011000000
072024061070290000490000001400000
072024061070290000500000005400000
072024061070290000510000024600000
072024061070290000520000004700000
072024061070290000600000001200000
072024061070290000630000000800000
072024061070290000640000001900000
072024061070290000650000008500000
072024061070290000700000002100000
072024061070290000720000017900000
072024061071390000010000025400000
072024061071390000020000003800000
072024061071390000090000058000000
072024061071390000100000014200000
072024061071390000170006293400000
072024061071390000190000002900000
072024061071390000200000014600000
072024061071390000210002246600000
072024061071390000220008361800000
072024061071390000230000010500000
072024061071390000240000004500000
072024061071390000250000350100000
072024061071390000260000016700000
072024061071390000270000010100000
072024061071390000290000009000000
072024061071390000320000492300000
072024061071390000390000096500000
072024061071390000400000005700000
072024061071390000410000001900000
072024061071390000420000789900000
072024061071390000430000005000000
072024061071390000460000105600000
072024061071390000470000010300000
072024061071390000480000006100000
072024061071390000490000003600000
072024061071390000500000005200000
072024061071390000510000020800000
072024061071390000520000004700000
072024061071390000600000002500000
072024061071390000630000002100000
072024061071390000640000002100000
072024061071390000650000005900000
072024061071390000700000001800000
072024061071390000720000018400000
072024061071690000010000010000000
072024061071690000020000002500000
072024061071690000090000027700000
072024061071690000100000009500000
072024061071690000170002809200000
072024061071690000190000001000000
072024061071690000200000004800000
072024061071690000210001013000000
072024061071690000220003455600000
072024061071690000230000006700000
072024061071690000240000001300000
072024061071690000250000157300000
072024061071690000260000007600000
072024061071690000270000005100000
072024061071690000290000004400000
072024061071690000320000213000000
072024061071690000390000033400000
072024061071690000400000002900000
072024061071690000410000001400000
072024061071690000420000322200000
072024061071690000430000002400000
072024061071690000460000038900000
072024061071690000470000006200000
072024061071690000480000010700000
072024061071690000490000000700000
072024061071690000500000001700000
072024061071690000510000007800000
072024061071690000520000002900000
072024061071690000600000001100000
072024061071690000630000000200000
072024061071690000640000000800000
072024061071690000650000003600000
072024061071690000700000000400000
072024061071690000720000052100000
072024061071990000010000021600000
072024061071990000020000004100000
072024061071990000090000051600000
072024061071990000100000025600000
072024061071990000170003078300000
072024061071990000190000003200000
072024061071990000200000013500000
072024061071990000210001499800000
072024061071990000220003854800000
072024061071990000230000009500000
072024061071990000240000002800000
072024061071990000250000324500000
072024061071990000260000015300000
072024061071990000270000013000000
072024061071990000290000006800000
072024061071990000320000430800000
072024061071990000390000084200000
072024061071990000400000006800000
072024061071990000410000002800000
072024061071990000420000675300000
072024061071990000430000004200000
072024061071990000460000077900000
072024061071990000470000012500000
072024061071990000480000007800000
072024061071990000490000002500000
072024061071990000500000004400000
072024061071990000510000011700000
072024061071990000520000003300000
072024061071990000600000002000000
072024061071990000630000001900000
072024061071990000640000002400000
072024061071990000650000008400000
072024061071990000700000002700000
072024061071990000720000026000000
072024061074590000010000031400000
072024061074590000020000007800000
072024061074590000090000105200000
072024061074590000100000026000000
072024061074590000170008393000000
072024061074590000190000006100000
072024061074590000200000021500000
072024061074590000210003858800000
072024061074590000220010941800000
072024061074590000230000018500000
072024061074590000240000005400000
072024061074590000250000583800000
072024061074590000260000028700000
072024061074590000270000015600000
072024061074590000290000015600000
072024061074590000320000802300000
072024061074590000390000144400000
072024061074590000400000009800000
072024061074590000410000005200000
072024061074590000420001303400000
072024061074590000430000006500000
072024061074590000460000145900000
072024061074590000470000026700000
072024061074590000480000019700000
072024061074590000490000007100000
072024061074590000500000007500000
072024061074590000510000028300000
072024061074590000520000006900000
072024061074590000600000001900000
072024061074590000630000005100000
072024061074590000640000004500000
072024061074590000650000011000000
072024061074590000700000003300000
072024061074590000720000023900000
072024061079990000010000111600000
072024061079990000020000021200000
072024061079990000090000289100000
072024061079990000100000092600000
072024061079990000170025407100000
072024061079990000190000015700000
072024061079990000200000067000000
072024061079990000210010394000000
072024061079990000220033225600000
072024061079990000230000057500000
072024061079990000240000016600000
072024061079990000250001767300000
072024061079990000260000084500000
072024061079990000270000054600000
072024061079990000290000042600000
072024061079990000320002432300000
072024061079990000390000452400000
072024061079990000400000033700000
072024061079990000410000013200000
072024061079990000420003968500000
072024061079990000430000022100000
072024061079990000460000470300000
072024061079990000470000062800000
072024061079990000480000055300000
072024061079990000490000015300000
072024061079990000500000024200000
072024061079990000510000093200000
072024061079990000520000022500000
072024061079990000600000008700000
072024061079990000630000010100000
072024061079990000640000011700000
072024061079990000650000037400000
072024061079990000700000010300000
072024061079990000720000138300000
072024061080590000010000011700000
072024061080590000020000002100000
072024061080590000090000022300000
072024061080590000100000010200000
072024061080590000170001892300000
072024061080590000190000000700000
072024061080590000200000007500000
072024061080590000210000833800000
072024061080590000220003561400000
072024061080590000230000004800000
072024061080590000240000001900000
072024061080590000250000155300000
072024061080590000260000006600000
072024061080590000270000005900000
072024061080590000290000002300000
072024061080590000320000178300000
072024061080590000390000029300000
072024061080590000400000010000000
072024061080590000410000002300000
072024061080590000420000302800000
072024061080590000430000003000000
072024061080590000460000056100000
072024061080590000470000009500000
072024061080590000480000006900000
072024061080590000490000001000000
072024061080590000500000002300000
072024061080590000510000011700000
072024061080590000520000002700000
072024061080590000600000001600000
072024061080590000630000001100000
072024061080590000640000002000000
072024061080590000650000003100000
072024061080590000700000003600000
072024061080590000720000011100000
072024061080990000010000040800000
072024061080990000020000013700000
072024061080990000090000088500000
072024061080990000100000067100000
072024061080990000170004835800000
072024061080990000190000002800000
072024061080990000200000022300000
072024061080990000210001541900000
072024061080990000220006591900000
072024061080990000230000025500000
072024061080990000240000005200000
072024061080990000250000394400000
072024061080990000260000022600000
072024061080990000270000022500000
072024061080990000290000008700000
072024061080990000320000529000000
072024061080990000390000093800000
072024061080990000400000012800000
072024061080990000410000005800000
072024061080990000420000612000000
072024061080990000430000009600000
072024061080990000460000162000000
072024061080990000470000011000000
072024061080990000480000029000000
072024061080990000490000002900000
072024061080990000500000006400000
072024061080990000510000018500000
072024061080990000520000007900000
072024061080990000600000002200000
072024061080990000630000001800000
072024061080990000640000003600000
072024061080990000650000013000000
072024061080990000700000007800000
072024061080990000720000078000000
072024061082490000010000039000000
072024061082490000020000005300000
072024061082490000090000074800000
072024061082490000100000040800000
072024061082490000170006576700000
072024061082490000190000001900000
072024061082490000200000024400000
072024061082490000210002004400000
072024061082490000220008118900000
072024061082490000230000014000000
072024061082490000240000003900000
072024061082490000250000494200000
072024061082490000260000030500000
072024061082490000270000028800000
072024061082490000290000009500000
072024061082490000320000539700000
072024061082490000390000094000000
072024061082490000400000007300000
072024061082490000410000003200000
072024061082490000420000781400000
072024061082490000430000004400000
072024061082490000460000124100000
072024061082490000470000013300000
072024061082490000480000015800000
072024061082490000490000001900000
072024061082490000500000005300000
072024061082490000510000020700000
072024061082490000520000005600000
072024061082490000600000012200000
072024061082490000630000001600000
072024061082490000640000006500000
072024061082490000650000009500000
072024061082490000700000176800000
072024061082490000720000026800000
072024061083490000010000016600000
072024061083490000020000002200000
072024061083490000090000027900000
072024061083490000100000010500000
072024061083490000170002387300000
072024061083490000190000001100000
072024061083490000200000009100000
072024061083490000210000784100000
072024061083490000220003292600000
072024061083490000230000008200000
072024061083490000240000001600000
072024061083490000250000139200000
072024061083490000260000012800000
072024061083490000270000006900000
072024061083490000290000003800000
072024061083490000320000192000000
072024061083490000390000029800000
072024061083490000400000004600000
072024061083490000410000000700000
072024061083490000420000299600000
072024061083490000430000003400000
072024061083490000460000055100000
072024061083490000470000007600000
072024061083490000480000005300000
072024061083490000490000000900000
072024061083490000500000002300000
072024061083490000510000008300000
072024061083490000520000002100000
072024061083490000600000001100000
072024061083490000630000000700000
072024061083490000640000001800000
072024061083490000650000004400000
072024061083490000700000004600000
072024061083490000720000023200000
072024061083790000010000030100000
072024061083790000020000005400000
072024061083790000090000044200000
072024061083790000100000019700000
072024061083790000170004022800000
072024061083790000190000001600000
072024061083790000200000011700000
072024061083790000210001492000000
072024061083790000220007252500000
072024061083790000230000009500000
072024061083790000240000002500000
072024061083790000250000314700000
072024061083790000260000020700000
072024061083790000270000010600000
072024061083790000290000005900000
072024061083790000320000338800000
072024061083790000390000054400000
072024061083790000400000008000000
072024061083790000410000007200000
072024061083790000420000535300000
072024061083790000430000004200000
072024061083790000460000124900000
072024061083790000470000010400000
072024061083790000480000012600000
072024061083790000490000003300000
072024061083790000500000004800000
072024061083790000510000017300000
072024061083790000520000002600000
072024061083790000600000020400000
072024061083790000630000002900000
072024061083790000640000002500000
072024061083790000650000006600000
072024061083790000700000049600000
072024061083790000720000022700000
072024061084090000010000016400000
072024061084090000020000002600000
072024061084090000090000030400000
072024061084090000100000015400000
072024061084090000170001956200000
072024061084090000190000001300000
072024061084090000200000008600000
072024061084090000210000715200000
072024061084090000220003094000000
072024061084090000230000005800000
072024061084090000240000002300000
072024061084090000250000173100000
072024061084090000260000009000000
072024061084090000270000005400000
072024061084090000290000002300000
072024061084090000320000233600000
072024061084090000390000028600000
072024061084090000400000004300000
072024061084090000410000001300000
072024061084090000420000297400000
072024061084090000430000002600000
072024061084090000460000065900000
072024061084090000470000007700000
072024061084090000480000011700000
072024061084090000490000000700000
072024061084090000500000003200000
072024061084090000510000008000000
072024061084090000520000002100000
072024061084090000600000000700000
072024061084090000630000001500000
072024061084090000640000001100000
072024061084090000650000003200000
072024061084090000700000002900000
072024061084090000720000019000000
072024061084290000010000005400000
072024061084290000020000001000000
072024061084290000090000011300000
072024061084290000100000006800000
072024061084290000170001078800000
072024061084290000190000001100000
072024061084290000200000005200000
072024061084290000210000357800000
072024061084290000220001584500000
072024061084290000230000003200000
072024061084290000240000000900000
072024061084290000250000074700000
072024061084290000260000003500000
072024061084290000270000004200000
072024061084290000290000002200000
072024061084290000320000078200000
072024061084290000390000012400000
072024061084290000400000001600000
072024061084290000410000001000000
072024061084290000420000116400000
072024061084290000430000002000000
072024061084290000460000020000000
072024061084290000470000001700000
072024061084290000480000002200000
072024061084290000490000000500000
072024061084290000500000000400000
072024061084290000510000003100000
072024061084290000520000001200000
072024061084290000600000000700000
072024061084290000630000000800000
072024061084290000640000000400000
072024061084290000650000002400000
072024061084290000700000001300000
072024061084290000720000326400000
072024061084790000010000102100000
072024061084790000020000009300000
072024061084790000090000117000000
072024061084790000100000041300000
072024061084790000170007494100000
072024061084790000190000002400000
072024061084790000200000028600000
072024061084790000210002766500000
072024061084790000220010482100000
072024061084790000230000032400000
072024061084790000240000004700000
072024061084790000250000657100000
072024061084790000260000031900000
072024061084790000270000025000000
072024061084790000290000011700000
072024061084790000320000890800000
072024061084790000390000128400000
072024061084790000400000013200000
072024061084790000410000004500000
072024061084790000420001110300000
072024061084790000430000014400000
072024061084790000460000247900000
072024061084790000470000023500000
072024061084790000480000017200000
072024061084790000490000001700000
072024061084790000500000008800000
072024061084790000510000028800000
072024061084790000520000008100000
072024061084790000600000002700000
072024061084790000630000002900000
072024061084790000640000004600000
072024061084790000650000014400000
072024061084790000700000014500000
072024061084790000720000060400000
072024061084990000010000017600000
072024061084990000020000002400000
072024061084990000090000020700000
072024061084990000100000009300000
072024061084990000170002234000000
072024061084990000190000001000000
072024061084990000200000005600000
072024061084990000210000754000000
072024061084990000220003444300000
072024061084990000230000004400000
072024061084990000240000001200000
072024061084990000250000135400000
072024061084990000260000007100000
072024061084990000270000004800000
072024061084990000290000003900000
072024061084990000320000140400000
072024061084990000390000024900000
072024061084990000400000002700000
072024061084990000410000001300000
072024061084990000420000240500000
072024061084990000430000012800000
072024061084990000460000037000000
072024061084990000470000005000000
072024061084990000480000032700000
072024061084990000490000000500000
072024061084990000500000001900000
072024061084990000510000007700000
072024061084990000520000002700000
072024061084990000600000000600000
072024061084990000630000000700000
072024061084990000640000002000000
072024061084990000650000003900000
072024061084990000700000050100000
072024061084990000720000073700000
072024061089990000010000279700000
072024061089990000020000044000000
072024061089990000090000437100000
072024061089990000100000221100000
072024061089990000170032478000000
072024061089990000190000013900000
072024061089990000200000123000000
072024061089990000210011249700000
072024061089990000220047422200000
072024061089990000230000107800000
072024061089990000240000024200000
072024061089990000250002538100000
072024061089990000260000144700000
072024061089990000270000114100000
072024061089990000290000050300000
072024061089990000320003120800000
072024061089990000390000495600000
072024061089990000400000064500000
072024061089990000410000027300000
072024061089990000420004295700000
072024061089990000430000056400000
072024061089990000460000893000000
072024061089990000470000089700000
072024061089990000480000133400000
072024061089990000490000013400000
072024061089990000500000035400000
072024061089990000510000124100000
072024061089990000520000035000000
072024061089990000600000042200000
072024061089990000630000014000000
072024061089990000640000024500000
072024061089990000650000060500000
072024061089990000700000311200000
072024061089990000720000641300000
072024061090890000010000235600000
072024061090890000050000169700000
072024061090890000090000704900000
072024061090890000120025769200000
072024061090890000190000085700000
072024061090890000200000373100000
072024061090890000210011044900000
072024061090890000220026081800000
072024061090890000230000237100000
072024061090890000240000103600000
072024061090890000250009404700000
072024061090890000260000469500000
072024061090890000280000190500000
072024061090890000290000179900000
072024061090890000350008764800000
072024061090890000390002494400000
072024061090890000400000058500000
072024061090890000410000149600000
072024061090890000420005189700000
072024061090890000430000039400000
072024061090890000460001108800000
072024061090890000470000065800000
072024061090890000480000041000000
072024061090890000490000058900000
072024061090890000500000058100000
072024061090890000510000217900000
072024061090890000520000097300000
072024061090890000600028993500000
072024061090890000610058762700000
072024061090890000630000020900000
072024061090890000640000063100000
072024061090890000680000459200000
072024061090890000700000043500000
072024061090890000720000144300000
072024061091790000010000020500000
072024061091790000050000019200000
072024061091790000090000057500000
072024061091790000120003456600000
072024061091790000190000006300000
072024061091790000200000046100000
072024061091790000210001221200000
072024061091790000220002032900000
072024061091790000230000028600000
072024061091790000240000011800000
072024061091790000250000681900000
072024061091790000260000043600000
072024061091790000280000032500000
072024061091790000290000021700000
072024061091790000350000631700000
072024061091790000390000282100000
072024061091790000400000006000000
072024061091790000410000025900000
072024061091790000420000463700000
072024061091790000430000004700000
072024061091790000460000070700000
072024061091790000470000007200000
072024061091790000480000006400000
072024061091790000490000016300000
072024061091790000500000006400000
072024061091790000510000023700000
072024061091790000520000009100000
072024061091790000600006835100000
072024061091790000610004976200000
072024061091790000630000002100000
072024061091790000640000007200000
072024061091790000680000072900000
072024061091790000700000005200000
072024061091790000720000009600000
072024061092590000010000010600000
072024061092590000050000011600000
072024061092590000090000032600000
072024061092590000120002315200000
072024061092590000190000002600000
072024061092590000200000037100000
072024061092590000210000726600000
072024061092590000220001467000000
072024061092590000230000018600000
072024061092590000240000003000000
072024061092590000250000267800000
072024061092590000260000020400000
072024061092590000280000011700000
072024061092590000290000013300000
072024061092590000350000258700000
072024061092590000390000101200000
072024061092590000400000003600000
072024061092590000410000020600000
072024061092590000420000276800000
072024061092590000430000002400000
072024061092590000460000042000000
072024061092590000470000005200000
072024061092590000480000006600000
072024061092590000490000006800000
072024061092590000500000003400000
072024061092590000510000011700000
072024061092590000520000004500000
072024061092590000600003278500000
072024061092590000610002856800000
072024061092590000630000001400000
072024061092590000640000004200000
072024061092590000680000032500000
072024061092590000700000002400000
072024061092590000720000006100000
072024061094390000010000018300000
072024061094390000050000022500000
072024061094390000090000087400000
072024061094390000120004005000000
072024061094390000190000015600000
072024061094390000200000049200000
072024061094390000210001880000000
072024061094390000220003515200000
072024061094390000230000026000000
072024061094390000240000004600000
072024061094390000250000717700000
072024061094390000260000043300000
072024061094390000280000028200000
072024061094390000290000023400000
072024061094390000350000681200000
072024061094390000390000269200000
072024061094390000400000005600000
072024061094390000410000026000000
072024061094390000420000803500000
072024061094390000430000004700000
072024061094390000460000120300000
072024061094390000470000010100000
072024061094390000480000017300000
072024061094390000490000013500000
072024061094390000500000006900000
072024061094390000510000030200000
072024061094390000520000009800000
072024061094390000600004212900000
072024061094390000610006878400000
072024061094390000630000003000000
072024061094390000640000007100000
072024061094390000680000061200000
072024061094390000700000004500000
072024061094390000720000019100000
072024061099990000010000285000000
072024061099990000050000223000000
072024061099990000090000882400000
072024061099990000120035546000000
072024061099990000190000110200000
072024061099990000200000505500000
072024061099990000210014872700000
072024061099990000220033096900000
072024061099990000230000310300000
072024061099990000240000123000000
072024061099990000250011072100000
072024061099990000260000576800000
072024061099990000280000262900000
072024061099990000290000238300000
072024061099990000350010336400000
072024061099990000390003146900000
072024061099990000400000073700000
072024061099990000410000222100000
072024061099990000420006733700000
072024061099990000430000051200000
072024061099990000460001341800000
072024061099990000470000088300000
072024061099990000480000071300000
072024061099990000490000095500000
072024061099990000500000074800000
072024061099990000510000283500000
072024061099990000520000120700000
072024061099990000600043320000000
072024061099990000610073474100000
072024061099990000630000027400000
072024061099990000640000081600000
072024061099990000680000625800000
072024061099990000700000055600000
072024061099990000720000179100000
072024061100690000010000028600000
072024061100690000020000003600000
072024061100690000090000049800000
072024061100690000100000020400000
072024061100690000170009325600000
072024061100690000190000002800000
072024061100690000200000015900000
072024061100690000210002509800000
072024061100690000220010566100000
072024061100690000230000009500000
072024061100690000240000003300000
072024061100690000250000534100000
072024061100690000260000029400000
072024061100690000270000016800000
072024061100690000290000015700000
072024061100690000320000631800000
072024061100690000390000100500000
072024061100690000400000010300000
072024061100690000410000005300000
072024061100690000420000915100000
072024061100690000430000004500000
072024061100690000460000136700000
072024061100690000470000011800000
072024061100690000480000016900000
072024061100690000490000110600000
072024061100690000500000006000000
072024061100690000510000028000000
072024061100690000520000007000000
072024061100690000600000015400000
072024061100690000630000072800000
072024061100690000640000002000000
072024061100690000650000006800000
072024061100690000700000003100000
072024061100690000720000026000000
072024061101090000010000024700000
072024061101090000020000002500000
072024061101090000090000042600000
072024061101090000100000020700000
072024061101090000170005770300000
072024061101090000190000002400000
072024061101090000200000011100000
072024061101090000210001600000000
072024061101090000220006517400000
072024061101090000230000008300000
072024061101090000240000003300000
072024061101090000250000390600000
072024061101090000260000020200000
072024061101090000270000011200000
072024061101090000290000007400000
072024061101090000320000400600000
072024061101090000390000063600000
072024061101090000400000005800000
072024061101090000410000002100000
072024061101090000420000508100000
072024061101090000430000003800000
072024061101090000460000080300000
072024061101090000470000008600000
072024061101090000480000010400000
072024061101090000490000081700000
072024061101090000500000004700000
072024061101090000510000021400000
072024061101090000520000003500000
072024061101090000600000002600000
072024061101090000630000059500000
072024061101090000640000002700000
072024061101090000650000005700000
072024061101090000700000003200000
072024061101090000720000026200000
072024061109990000010000053300000
072024061109990000020000006100000
072024061109990000090000092400000
072024061109990000100000041100000
072024061109990000170015095900000
072024061109990000190000005200000
072024061109990000200000027000000
072024061109990000210004109800000
072024061109990000220017083500000
072024061109990000230000017800000
072024061109990000240000006600000
072024061109990000250000924700000
072024061109990000260000049600000
072024061109990000270000028000000
072024061109990000290000023100000
072024061109990000320001032400000
072024061109990000390000164100000
072024061109990000400000016100000
072024061109990000410000007400000
072024061109990000420001423200000
072024061109990000430000008300000
072024061109990000460000217000000
072024061109990000470000020400000
072024061109990000480000027300000
072024061109990000490000192300000
072024061109990000500000010700000
072024061109990000510000049400000
072024061109990000520000010500000
072024061109990000600000018000000
072024061109990000630000132300000
072024061109990000640000004700000
072024061109990000650000012500000
072024061109990000700000006300000
072024061109990000720000052200000
072024061111590000010000050800000
072024061111590000060000016800000
072024061111590000090000123800000
072024061111590000130007895700000
072024061111590000170012041300000
072024061111590000190000003700000
072024061111590000200000035700000
072024061111590000210002073800000
072024061111590000220019990400000
072024061111590000230000039300000
072024061111590000240000008200000
072024061111590000250001009300000
072024061111590000260000057200000
072024061111590000270000021300000
072024061111590000290000021200000
072024061111590000340001010700000
072024061111590000390000227700000
072024061111590000400000011300000
072024061111590000410000007900000
072024061111590000420000925400000
072024061111590000430000007400000
072024061111590000460000134200000
072024061111590000470000014700000
072024061111590000480000021500000
072024061111590000490000004400000
072024061111590000500000009700000
072024061111590000510000026500000
072024061111590000520000012300000
072024061111590000600000007200000
072024061111590000630000002400000
072024061111590000640000103000000
072024061111590000650000025200000
072024061111590000700000006900000
072024061111590000720000016800000
072024061112790000010000012600000
072024061112790000060000005200000
072024061112790000090000032100000
072024061112790000130001751600000
072024061112790000170003499500000
072024061112790000190000000500000
072024061112790000200000011100000
072024061112790000210000608100000
072024061112790000220006755900000
072024061112790000230000009500000
072024061112790000240000001700000
072024061112790000250000182800000
072024061112790000260000012400000
072024061112790000270000005500000
072024061112790000290000007900000
072024061112790000340000159100000
072024061112790000390000053800000
072024061112790000400000002700000
072024061112790000410000004300000
072024061112790000420000224300000
072024061112790000430000002700000
072024061112790000460000028000000
072024061112790000470000004200000
072024061112790000480000016900000
072024061112790000490000000900000
072024061112790000500000002900000
072024061112790000510000008300000
072024061112790000520000003300000
072024061112790000600000006300000
072024061112790000630000000800000
072024061112790000640000027900000
072024061112790000650000007500000
072024061112790000700000001300000
072024061112790000720000006000000
072024061113290000010000009600000
072024061113290000060000004000000
072024061113290000090000033000000
072024061113290000130001554200000
072024061113290000170003430500000
072024061113290000190000001400000
072024061113290000200000009600000
072024061113290000210000602600000
072024061113290000220006774800000
072024061113290000230000006900000
072024061113290000240000002000000
072024061113290000250000160600000
072024061113290000260000014000000
072024061113290000270000005200000
072024061113290000290000007400000
072024061113290000340000154900000
072024061113290000390000058500000
072024061113290000400000003400000
072024061113290000410000001200000
072024061113290000420000240000000
072024061113290000430000003600000
072024061113290000460000030100000
072024061113290000470000004600000
072024061113290000480000006600000
072024061113290000490000001600000
072024061113290000500000003000000
072024061113290000510000009300000
072024061113290000520000003600000
072024061113290000600000004300000
072024061113290000630000001600000
072024061113290000640000023000000
072024061113290000650000007500000
072024061113290000700000002600000
072024061113290000720000006500000
072024061113690000010000033000000
072024061113690000060000013500000
072024061113690000090000101400000
072024061113690000130006882000000
072024061113690000170011397600000
072024061113690000190000004400000
072024061113690000200000044400000
072024061113690000210001672300000
072024061113690000220015615800000
072024061113690000230000033200000
072024061113690000240000006700000
072024061113690000250000870700000
072024061113690000260000056900000
072024061113690000270000019600000
072024061113690000290000021700000
072024061113690000340001031600000
072024061113690000390000208600000
072024061113690000400000015000000
072024061113690000410000008300000
072024061113690000420000892000000
072024061113690000430000005800000
072024061113690000460000103900000
072024061113690000470000012100000
072024061113690000480000016500000
072024061113690000490000003800000
072024061113690000500000011000000
072024061113690000510000027300000
072024061113690000520000015500000
072024061113690000600000014400000
072024061113690000630000002800000
072024061113690000640000064000000
072024061113690000650000019100000
072024061113690000700000004600000
072024061113690000720000014700000
072024061119990000010000106000000
072024061119990000060000039500000
072024061119990000090000290300000
072024061119990000130018083500000
072024061119990000170030368900000
072024061119990000190000010000000
072024061119990000200000100800000
072024061119990000210004956800000
072024061119990000220049136900000
072024061119990000230000088900000
072024061119990000240000018600000
072024061119990000250002223400000
072024061119990000260000140500000
072024061119990000270000051600000
072024061119990000290000058200000
072024061119990000340002356300000
072024061119990000390000548600000
072024061119990000400000032400000
072024061119990000410000021700000
072024061119990000420002281700000
072024061119990000430000019500000
072024061119990000460000296200000
072024061119990000470000035600000
072024061119990000480000061500000
072024061119990000490000010700000
072024061119990000500000026600000
072024061119990000510000071400000
072024061119990000520000034700000
072024061119990000600000032200000
072024061119990000630000007600000
072024061119990000640000217900000
072024061119990000650000059300000
072024061119990000700000015400000
072024061119990000720000044000000
072024061122890000010000844700000
072024061122890000020000155300000
072024061122890000090001358800000
072024061122890000100000756300000
072024061122890000170078999300000
072024061122890000190000079800000
072024061122890000200000350500000
072024061122890000210030080300000
072024061122890000220114269100000
072024061122890000230000305800000
072024061122890000240000086100000
072024061122890000250012578600000
072024061122890000260000480900000
072024061122890000270000242100000
072024061122890000290000098800000
072024061122890000320016325000000
072024061122890000390002028500000
072024061122890000400000235700000
072024061122890000410000049400000
072024061122890000420014180100000
072024061122890000430000104800000
072024061122890000440000417100000
072024061122890000460003108600000
072024061122890000470000228000000
072024061122890000480000080000000
072024061122890000490000111700000
072024061122890000500000134300000
072024061122890000510000347400000
072024061122890000520000090600000
072024061122890000600000117600000
072024061122890000630000070300000
072024061122890000640000069900000
072024061122890000650000176700000
072024061122890000700000099700000
072024061129990000010000844700000
072024061129990000020000155300000
072024061129990000090001358800000
072024061129990000100000756300000
072024061129990000170078999300000
072024061129990000190000079800000
072024061129990000200000350500000
072024061129990000210030080300000
072024061129990000220114269100000
072024061129990000230000305800000
072024061129990000240000086100000
072024061129990000250012578600000
072024061129990000260000480900000
072024061129990000270000242100000
072024061129990000290000098800000
072024061129990000320016325000000
072024061129990000390002028500000
072024061129990000400000235700000
072024061129990000410000049400000
072024061129990000420014180100000
072024061129990000430000104800000
072024061129990000440000417100000
072024061129990000460003108600000
072024061129990000470000228000000
072024061129990000480000080000000
072024061129990000490000111700000
072024061129990000500000134300000
072024061129990000510000347400000
072024061129990000520000090600000
072024061129990000600000117600000
072024061129990000630000070300000
072024061129990000640000069900000
072024061129990000650000176700000
072024061129990000700000099700000
072024061133190000010000056000000
072024061133190000070000827200000
072024061133190000090000126100000
072024061133190000140004889100000
072024061133190000170007532900000
072024061133190000190000006300000
072024061133190000200000071600000
072024061133190000210001744300000
072024061133190000220007326100000
072024061133190000230000046100000
072024061133190000240000008500000
072024061133190000250000846400000
072024061133190000260000075200000
072024061133190000270000020300000
072024061133190000290000017600000
072024061133190000320001006500000
072024061133190000390000145800000
072024061133190000400000020000000
072024061133190000410000007100000
072024061133190000420000799700000
072024061133190000430000011500000
072024061133190000440000061900000
072024061133190000460000133800000
072024061133190000470000007600000
072024061133190000480000021000000
072024061133190000490000003500000
072024061133190000500000014200000
072024061133190000510000018500000
072024061133190000520000012900000
072024061133190000600000011700000
072024061133190000630000002800000
072024061133190000640000005800000
072024061133190000690000023200000
072024061133190000700000004700000
072024061139990000010000056000000
072024061139990000070000827200000
072024061139990000090000126100000
072024061139990000140004889100000
072024061139990000170007532900000
072024061139990000190000006300000
072024061139990000200000071600000
072024061139990000210001744300000
072024061139990000220007326100000
072024061139990000230000046100000
072024061139990000240000008500000
072024061139990000250000846400000
072024061139990000260000075200000
072024061139990000270000020300000
072024061139990000290000017600000
072024061139990000320001006500000
072024061139990000390000145800000
072024061139990000400000020000000
072024061139990000410000007100000
072024061139990000420000799700000
072024061139990000430000011500000
072024061139990000440000061900000
072024061139990000460000133800000
072024061139990000470000007600000
072024061139990000480000021000000
072024061139990000490000003500000
072024061139990000500000014200000
072024061139990000510000018500000
072024061139990000520000012900000
072024061139990000600000011700000
072024061139990000630000002800000
072024061139990000640000005800000
072024061139990000690000023200000
072024061139990000700000004700000
072024061140190000010000014000000
072024061140190000080001919100000
072024061140190000090000053900000
072024061140190000140002705000000
072024061140190000170003644900000
072024061140190000190000002400000
072024061140190000200000031500000
072024061140190000210000498200000
072024061140190000220002232900000
072024061140190000230000031700000
072024061140190000240000003500000
072024061140190000250000459900000
072024061140190000260000027600000
072024061140190000270000008800000
072024061140190000290000008400000
072024061140190000320000476300000
072024061140190000390000080200000
072024061140190000400000004700000
072024061140190000410000002600000
072024061140190000420000289700000
072024061140190000430000002000000
072024061140190000440000012100000
072024061140190000460000026900000
072024061140190000470000002700000
072024061140190000480000005700000
072024061140190000490000003300000
072024061140190000500000005200000
072024061140190000510000008800000
072024061140190000520000005700000
072024061140190000600000006200000
072024061140190000630000002000000
072024061140190000640000003200000
072024061140190000690000010000000
072024061140190000700000005000000
072024061142090000010000028100000
072024061142090000080005789900000
072024061142090000090000080000000
072024061142090000140009668500000
072024061142090000170006749900000
072024061142090000190000003200000
072024061142090000200000061000000
072024061142090000210000599400000
072024061142090000220002429200000
072024061142090000230000047300000
072024061142090000240000009100000
072024061142090000250000849800000
072024061142090000260000046900000
072024061142090000270000015900000
072024061142090000290000015300000
072024061142090000320000853700000
072024061142090000390000137000000
072024061142090000400000006100000
072024061142090000410000005500000
072024061142090000420000395800000
072024061142090000430000007100000
072024061142090000440000015400000
072024061142090000460000032900000
072024061142090000470000003200000
072024061142090000480000004400000
072024061142090000490000003300000
072024061142090000500000007400000
072024061142090000510000012500000
072024061142090000520000009600000
072024061142090000600000017600000
072024061142090000630000003300000
072024061142090000640000003500000
072024061142090000690000014800000
072024061142090000700000003000000
072024061144890000010000039400000
072024061144890000080011906200000
072024061144890000090000140800000
072024061144890000140010584600000
072024061144890000170012376200000
072024061144890000190000005600000
072024061144890000200000089100000
072024061144890000210001244100000
072024061144890000220005443900000
072024061144890000230000066500000
072024061144890000240000006300000
072024061144890000250001498600000
072024061144890000260000093000000
072024061144890000270000033300000
072024061144890000290000024900000
072024061144890000320001550600000
072024061144890000390000249900000
072024061144890000400000011400000
072024061144890000410000007400000
072024061144890000420000825000000
072024061144890000430000008500000
072024061144890000440000042400000
072024061144890000460000065500000
072024061144890000470000007000000
072024061144890000480000011100000
072024061144890000490000004300000
072024061144890000500000011900000
072024061144890000510000018900000
072024061144890000520000019100000
072024061144890000600000021100000
072024061144890000630000003500000
072024061144890000640000005600000
072024061144890000690000023300000
072024061144890000700000007200000
072024061149990000010000081500000
072024061149990000080019615200000
072024061149990000090000274700000
072024061149990000140022958100000
072024061149990000170022771000000
072024061149990000190000011200000
072024061149990000200000181600000
072024061149990000210002341700000
072024061149990000220010106000000
072024061149990000230000145500000
072024061149990000240000018900000
072024061149990000250002808300000
072024061149990000260000167500000
072024061149990000270000058000000
072024061149990000290000048600000
072024061149990000320002880600000
072024061149990000390000467100000
072024061149990000400000022200000
072024061149990000410000015500000
072024061149990000420001510500000
072024061149990000430000017600000
072024061149990000440000069900000
072024061149990000460000125300000
072024061149990000470000012900000
072024061149990000480000021200000
072024061149990000490000010900000
072024061149990000500000024500000
072024061149990000510000040200000
072024061149990000520000034400000
072024061149990000600000044900000
072024061149990000630000008800000
072024061149990000640000012300000
072024061149990000690000048100000
072024061149990000700000015200000
072024061153090000010000085600000
072024061153090000020000015500000
072024061153090000090000192200000
072024061153090000100000051900000
072024061153090000170013044700000
072024061153090000190000008100000
072024061153090000200000055800000
072024061153090000210008238400000
072024061153090000220022274400000
072024061153090000230000046800000
072024061153090000240000015300000
072024061153090000250001233100000
072024061153090000260000057000000
072024061153090000270000027900000
072024061153090000290000023400000
072024061153090000320001708200000
072024061153090000390000356800000
072024061153090000400000024000000
072024061153090000410000009800000
072024061153090000420003415300000
072024061153090000430000023200000
072024061153090000460000392700000
072024061153090000470000032100000
072024061153090000480000024100000
072024061153090000490000005400000
072024061153090000500000021700000
072024061153090000510000114300000
072024061153090000520000030900000
072024061153090000600000014900000
072024061153090000630000004700000
072024061153090000640000010400000
072024061153090000650000027300000
072024061153090000700000006400000
072024061153090000720000077000000
072024061159990000010000085600000
072024061159990000020000015500000
072024061159990000090000192200000
072024061159990000100000051900000
072024061159990000170013044700000
072024061159990000190000008100000
072024061159990000200000055800000
072024061159990000210008238400000
072024061159990000220022274400000
072024061159990000230000046800000
072024061159990000240000015300000
072024061159990000250001233100000
072024061159990000260000057000000
072024061159990000270000027900000
072024061159990000290000023400000
072024061159990000320001708200000
072024061159990000390000356800000
072024061159990000400000024000000
072024061159990000410000009800000
072024061159990000420003415300000
072024061159990000430000023200000
072024061159990000460000392700000
072024061159990000470000032100000
072024061159990000480000024100000
072024061159990000490000005400000
072024061159990000500000021700000
072024061159990000510000114300000
072024061159990000520000030900000
072024061159990000600000014900000
072024061159990000630000004700000
072024061159990000640000010400000
072024061159990000650000027300000
072024061159990000700000006400000
072024061159990000720000077000000
072024061162690000010000030300000
072024061162690000020000010500000
072024061162690000090000050300000
072024061162690000100000045800000
072024061162690000170004042000000
072024061162690000190000002500000
072024061162690000200000017100000
072024061162690000210001096800000
072024061162690000220005534500000
072024061162690000230000026100000
072024061162690000240000004000000
072024061162690000250000291800000
072024061162690000260000020900000
072024061162690000270000014000000
072024061162690000290000007100000
072024061162690000320000404400000
072024061162690000390000064200000
072024061162690000400000006800000
072024061162690000410000003400000
072024061162690000420000454600000
072024061162690000430000004100000
072024061162690000460000078300000
072024061162690000470000007600000
072024061162690000480000015900000
072024061162690000490000002000000
072024061162690000500000006200000
072024061162690000510000014300000
072024061162690000520000005100000
072024061162690000600000002300000
072024061162690000630000000800000
072024061162690000640000002700000
072024061162690000650000009600000
072024061162690000700000004000000
072024061162690000720000023300000
072024061169990000010000030300000
072024061169990000020000010500000
072024061169990000090000050300000
072024061169990000100000045800000
072024061169990000170004042000000
072024061169990000190000002500000
072024061169990000200000017100000
072024061169990000210001096800000
072024061169990000220005534500000
072024061169990000230000026100000
072024061169990000240000004000000
072024061169990000250000291800000
072024061169990000260000020900000
072024061169990000270000014000000
072024061169990000290000007100000
072024061169990000320000404400000
072024061169990000390000064200000
072024061169990000400000006800000
072024061169990000410000003400000
072024061169990000420000454600000
072024061169990000430000004100000
072024061169990000460000078300000
072024061169990000470000007600000
072024061169990000480000015900000
072024061169990000490000002000000
072024061169990000500000006200000
072024061169990000510000014300000
072024061169990000520000005100000
072024061169990000600000002300000
072024061169990000630000000800000
072024061169990000640000002700000
072024061169990000650000009600000
072024061169990000700000004000000
072024061169990000720000023300000
072024061170390000010000089000000
072024061170390000050000026500000
072024061170390000090000256800000
072024061170390000150000214300000
072024061170390000170020167500000
072024061170390000190000014900000
072024061170390000200000112000000
072024061170390000210007551400000
072024061170390000220024677100000
072024061170390000230000078000000
072024061170390000240000016400000
072024061170390000250001650600000
072024061170390000260000121200000
072024061170390000270000040800000
072024061170390000290000057700000
072024061170390000330003641100000
072024061170390000390000515200000
072024061170390000400000043900000
072024061170390000420003881300000
072024061170390000430000026500000
072024061170390000460000477900000
072024061170390000470000037400000
072024061170390000480000035700000
072024061170390000490000010200000
072024061170390000500000030800000
072024061170390000510000094500000
072024061170390000520000032900000
072024061170390000600000050000000
072024061170390000620000040800000
072024061170390000630000006900000
072024061170390000640000014500000
072024061170390000670000036200000
072024061170390000700000011700000
072024061170390000720000060500000
072024061171290000010000025000000
072024061171290000050000008600000
072024061171290000090000094800000
072024061171290000150000141300000
072024061171290000170007336500000
072024061171290000190000013300000
072024061171290000200000030400000
072024061171290000210002707300000
072024061171290000220008313100000
072024061171290000230000022300000
072024061171290000240000005000000
072024061171290000250000613700000
072024061171290000260000039000000
072024061171290000270000014000000
072024061171290000290000018600000
072024061171290000330001674000000
072024061171290000390000161800000
072024061171290000400000010100000
072024061171290000420001174500000
072024061171290000430000007300000
072024061171290000460000160800000
072024061171290000470000016300000
072024061171290000480000020600000
072024061171290000490000003400000
072024061171290000500000006600000
072024061171290000510000030800000
072024061171290000520000009700000
072024061171290000600000042000000
072024061171290000620000015000000
072024061171290000630000002400000
072024061171290000640000004700000
072024061171290000670000013400000
072024061171290000700000004000000
072024061171290000720000083300000
072024061174690000010000151200000
072024061174690000050000045500000
072024061174690000090000446700000
072024061174690000150000494400000
072024061174690000170034507400000
072024061174690000190000016000000
072024061174690000200000157700000
072024061174690000210012428100000
072024061174690000220037680800000
072024061174690000230000107200000
072024061174690000240000022900000
072024061174690000250003694300000
072024061174690000260000209700000
072024061174690000270000063100000
072024061174690000290000072100000
072024061174690000330009786400000
072024061174690000390000885200000
072024061174690000400000063300000
072024061174690000420006323300000
072024061174690000430000035100000
072024061174690000460000855100000
072024061174690000470000052700000
072024061174690000480000058500000
072024061174690000490000013400000
072024061174690000500000040000000
072024061174690000510000143300000
072024061174690000520000069800000
072024061174690000600000108800000
072024061174690000620000080200000
072024061174690000630000010300000
072024061174690000640000019100000
072024061174690000670000050000000
072024061174690000700000017600000
072024061174690000720000163100000
072024061179990000010000265200000
072024061179990000050000080600000
072024061179990000090000798300000
072024061179990000150000850000000
072024061179990000170062011400000
072024061179990000190000044200000
072024061179990000200000300100000
072024061179990000210022686800000
072024061179990000220070671000000
072024061179990000230000207500000
072024061179990000240000044300000
072024061179990000250005958600000
072024061179990000260000369900000
072024061179990000270000117900000
072024061179990000290000148400000
072024061179990000330015101500000
072024061179990000390001562200000
072024061179990000400000117300000
072024061179990000420011379100000
072024061179990000430000068900000
072024061179990000460001493800000
072024061179990000470000106400000
072024061179990000480000114800000
072024061179990000490000027000000
072024061179990000500000077400000
072024061179990000510000268600000
072024061179990000520000112400000
072024061179990000600000200800000
072024061179990000620000136000000
072024061179990000630000019600000
072024061179990000640000038300000
072024061179990000670000099600000
072024061179990000700000033300000
072024061179990000720000306900000
072024061185190000010000002300000
072024061185190000020000000400000
072024061185190000090000004200000
072024061185190000100000002100000
072024061185190000170000637500000
072024061185190000190000001700000
072024061185190000200000000900000
072024061185190000210000330900000
072024061185190000220000722400000
072024061185190000230000001100000
072024061185190000240000000300000
072024061185190000250000040000000
072024061185190000260000001000000
072024061185190000270000001000000
072024061185190000290000002000000
072024061185190000320000031200000
072024061185190000390000008600000
072024061185190000400000001600000
072024061185190000410000004500000
072024061185190000420000154400000
072024061185190000430000002100000
072024061185190000440000000600000
072024061185190000460000009900000
072024061185190000470000000500000
072024061185190000480000000800000
072024061185190000490000000200000
072024061185190000500000000400000
072024061185190000510000002900000
072024061185190000520000000300000
072024061185190000600000000400000
072024061185190000630000000400000
072024061185190000640000000500000
072024061185190000650000000900000
072024061185190000700000000200000
072024061189990000010000002300000
072024061189990000020000000400000
072024061189990000090000004200000
072024061189990000100000002100000
072024061189990000170000637500000
072024061189990000190000001700000
072024061189990000200000000900000
072024061189990000210000330900000
072024061189990000220000722400000
072024061189990000230000001100000
072024061189990000240000000300000
072024061189990000250000040000000
072024061189990000260000001000000
072024061189990000270000001000000
072024061189990000290000002000000
072024061189990000320000031200000
072024061189990000390000008600000
072024061189990000400000001600000
072024061189990000410000004500000
072024061189990000420000154400000
072024061189990000430000002100000
072024061189990000440000000600000
072024061189990000460000009900000
072024061189990000470000000500000
072024061189990000480000000800000
072024061189990000490000000200000
072024061189990000500000000400000
072024061189990000510000002900000
072024061189990000520000000300000
072024061189990000600000000400000
072024061189990000630000000400000
072024061189990000640000000500000
072024061189990000650000000900000
072024061189990000700000000200000
072024061195290000010000001400000
072024061195290000020000000300000
072024061195290000090000005600000
072024061195290000100000001900000
072024061195290000170000625900000
072024061195290000190000000700000
072024061195290000200000001300000
072024061195290000210000261500000
072024061195290000220000743200000
072024061195290000230000000300000
072024061195290000240000000900000
072024061195290000250000030600000
072024061195290000260000001400000
072024061195290000270000001100000
072024061195290000290000000400000
072024061195290000320000032100000
072024061195290000390000008800000
072024061195290000400000000300000
072024061195290000410000000100000
072024061195290000420000108800000
072024061195290000430000000700000
072024061195290000440000000900000
072024061195290000460000011600000
072024061195290000470000001000000
072024061195290000480000001000000
072024061195290000490000000000000
072024061195290000500000000600000
072024061195290000510000000800000
072024061195290000520000000500000
072024061195290000600000000300000
072024061195290000630000000000000
072024061195290000640000000100000
072024061195290000650000000700000
072024061195290000700000000500000
072024061199990000010000001400000
072024061199990000020000000300000
072024061199990000090000005600000
072024061199990000100000001900000
072024061199990000170000625900000
072024061199990000190000000700000
072024061199990000200000001300000
072024061199990000210000261500000
072024061199990000220000743200000
072024061199990000230000000300000
072024061199990000240000000900000
072024061199990000250000030600000
072024061199990000260000001400000
072024061199990000270000001100000
072024061199990000290000000400000
072024061199990000320000032100000
072024061199990000390000008800000
072024061199990000400000000300000
072024061199990000410000000100000
072024061199990000420000108800000
072024061199990000430000000700000
072024061199990000440000000900000
072024061199990000460000011600000
072024061199990000470000001000000
072024061199990000480000001000000
072024061199990000490000000000000
072024061199990000500000000600000
072024061199990000510000000800000
072024061199990000520000000500000
072024061199990000600000000300000
072024061199990000630000000000000
072024061199990000640000000100000
072024061199990000650000000700000
072024061199990000700000000500000
072024061999990000010003276600000
072024061999990000020028488800001
072024061999990000090006603900000
072024061999990000100086066000003
072024061999990000170529110200020
072024061999990000190002296500000
072024061999990000200002661100000
072024061999990000210168825500006
072024061999990000220599662700022
072024061999990000230001958600000
072024061999990000240000516500000
072024061999990000250057800700002
072024061999990000260002923600000
072024061999990000270001528100000
072024061999990000290001117700000
072024061999990000320081801500003
072024061999990000390013569100000
072024061999990000400000927600000
072024061999990000410000654100000
072024061999990000420080354500003
072024061999990000430000567100000
072024061999990000460012229200000
072024061999990000470000967700000
072024061999990000480000931100000
072024061999990000490000561100000
072024061999990000500000655000000
072024061999990000510002202000000
072024061999990000520000761800000
072024061999990000600044214000001
072024061999990000630000350900000
072024061999990000640000571900000
072024061999990000650001448400000
072024061999990000700000645600000
072024061999990000720004029200000
